%YAML:1.0
---
camera_matrix: !!opencv-matrix
   rows: 3
   cols: 3
   dt: d
   data: [ 4.1684600799999998e+02, 0., 9.6090301499999998e+02, 0.,
       4.1708999599999999e+02, 6.3617199700000003e+02, 0., 0., 1. ]
dist_coeffs: !!opencv-matrix
   rows: 4
   cols: 1
   dt: d
   data: [ 1.7264399999999999e-01, -7.8949999999999992e-03,
       -1.9932999999999999e-02, 5.0939999999999996e-03 ]
resolution: !!opencv-matrix
   rows: 2
   cols: 1
   dt: i
   data: [ 1920, 1280 ]
project_matrix: !!opencv-matrix
   rows: 3
   cols: 3
   dt: d
   data: [ -2.6517449849853952e-01, -1.4637457967213812e+00,
       1.0494559243231015e+03, -2.5978905774222589e-02,
       -9.3039466295245543e-01, 5.7134103887282618e+02,
       -5.4291822309083238e-05, -1.7500020297962543e-03, 1. ]
scale_xy: !!opencv-matrix
   rows: 2
   cols: 1
   dt: f
   data: [ 4.00000006e-01, 4.00000006e-01 ]
shift_xy: !!opencv-matrix
   rows: 2
   cols: 1
   dt: f
   data: [ 0., 0. ]
