%YAML:1.0
---
camera_matrix: !!opencv-matrix
   rows: 3
   cols: 3
   dt: d
   data: [ 3.1333333299999998e+02, 0., 6.3999895600000002e+02, 0.,
       3.1333333299999998e+02, 3.9999919499999999e+02, 0., 0., 1. ]
dist_coeffs: !!opencv-matrix
   rows: 4
   cols: 1
   dt: d
   data: [ 1.2977700000000000e-01, -2.9940999999999999e-02,
       7.8569999999999994e-03, -1.7480000000000000e-03 ]
resolution: !!opencv-matrix
   rows: 2
   cols: 1
   dt: i
   data: [ 1280, 800 ]
project_matrix: !!opencv-matrix
   rows: 3
   cols: 3
   dt: d
   data: [ -1.2730303001468646e-01, -8.3603543631986821e-01,
       3.5038583038000365e+02, -1.9723250316472531e-15,
       -7.8226077093854940e-01, 2.7122627282876743e+02,
       -9.0295796613615722e-18, -3.1030998750636658e-03, 1. ]
scale_xy: !!opencv-matrix
   rows: 2
   cols: 1
   dt: f
   data: [ 4.00000006e-01, 4.00000006e-01 ]
shift_xy: !!opencv-matrix
   rows: 2
   cols: 1
   dt: f
   data: [ 0., 0. ]
