translation {
  x: 1.9392464430179268
  y: 1.0386220129123831
  z: 1.1186815423238849
}
rotation {
  x: -0.86456460391547119
  y: 0.0035301603307173616
  z: 0.010801208058111293
  w: 0.50239530667210586
}
