translation {
  x: -0.94447066753477427
  y: 0.070147185305797208
  z: 1.0907557504902974
}
rotation {
  x: -0.48299073363034734
  y: -0.48591280130508374
  z: 0.50929304629416916
  w: 0.52079611539231274
}
