translation {
  x: 3.6759753404522817
  y: 0.0021123795048854227
  z: 0.70201414236963355
}
rotation {
  x: -0.49970190854016039
  y: 0.49903347110759649
  z: -0.49996859921139336
  w: 0.50129188082600085
}
