translation {
  x: 1.907354619652712
  y: -0.99197819363832884
  z: 1.1219957027976959
}
rotation {
  x: 0.017185753829899793
  y: 0.87361380799795174
  z: -0.48589621235312808
  w: -0.02020776244491557
}
